,Estacao,Data,Hora,Precipitacao,TempMaxima,TempMinima,Insolacao,Evaporacao Piche,Temp Comp Media,Umidade Relativa Media,Velocidade do Vento Media
0,83967,01-01-00,0,,26.1,,7.6,0.7,21.98,73.25,4.133333
1,83967,01-01-00,1200,2.6,26.1,18.2,7.6,0.7,21.98,73.25,4.133333
2,83967,02-01-00,0,2.6,27.0,18.2,11.2,3.0,21.96,66.5,1.5
3,83967,02-01-00,1200,0.0,27.0,17.8,11.2,3.0,21.96,66.5,1.5
4,83967,03-01-00,0,0.0,24.6,17.8,3.1,3.5,21.3,72.0,3.333333
5,83967,03-01-00,1200,0.0,24.6,17.0,3.1,3.5,21.3,72.0,3.333333
6,83967,04-01-00,0,0.0,27.4,17.0,4.4,2.3,22.24,81.25,0.933333
7,83967,04-01-00,1200,0.1,27.4,19.7,4.4,2.3,22.24,81.25,0.933333
8,83967,05-01-00,0,0.1,31.8,19.7,11.2,1.7,24.4,71.75,0.933333
9,83967,05-01-00,1200,0.0,31.8,17.8,11.2,1.7,24.4,71.75,0.933333
10,83967,06-01-00,0,0.0,31.8,17.8,8.5,3.2,25.0,76.75,1.5
11,83967,06-01-00,1200,0.0,31.8,21.2,8.5,3.2,25.0,76.75,1.5
12,83967,07-01-00,0,0.0,31.8,21.2,10.2,2.9,25.38,75.5,1.866667
13,83967,07-01-00,1200,0.0,31.8,21.6,10.2,2.9,25.38,75.5,1.866667
14,83967,08-01-00,0,0.0,34.2,21.6,10.8,3.0,27.8,65.25,1.966667
15,83967,08-01-00,1200,0.0,34.2,22.4,10.8,3.0,27.8,65.25,1.966667
16,83967,09-01-00,0,0.0,35.8,22.4,10.9,3.9,28.12,64.0,2.2
17,83967,09-01-00,1200,0.0,35.8,21.8,10.9,3.9,28.12,64.0,2.2
18,83967,10-01-00,0,0.0,32.4,21.8,6.8,4.6,27.6,68.5,1.366667
19,83967,10-01-00,1200,0.0,32.4,24.0,6.8,4.6,27.6,68.5,1.366667
20,83967,11-01-00,0,0.0,35.0,24.0,10.6,4.0,28.4,63.75,2.266667
21,83967,11-01-00,1200,0.0,35.0,23.4,10.6,4.0,28.4,63.75,2.266667
22,83967,12-01-00,0,0.0,32.4,23.4,7.7,4.5,26.56,74.0,1.433333
23,83967,12-01-00,1200,0.0,32.4,22.4,7.7,4.5,26.56,74.0,1.433333
24,83967,13-01-00,0,0.0,32.8,22.4,2.0,2.8,27.4,79.5,0.666667
25,83967,13-01-00,1200,1.9,32.8,23.2,2.0,2.8,27.4,79.5,0.666667
26,83967,14-01-00,0,1.9,33.8,23.2,9.5,2.2,26.92,74.25,0.933333
27,83967,14-01-00,1200,0.0,33.8,22.0,9.5,2.2,26.92,74.25,0.933333
28,83967,15-01-00,0,0.0,31.4,22.0,1.4,3.0,26.2,80.75,0.933333
29,83967,15-01-00,1200,0.1,31.4,23.8,1.4,3.0,26.2,80.75,0.933333
30,83967,16-01-00,0,0.1,34.0,23.8,6.7,2.1,26.6,79.75,1.3
31,83967,16-01-00,1200,0.0,34.0,23.0,6.7,2.1,26.6,79.75,1.3
32,83967,17-01-00,0,0.0,33.5,23.0,5.6,2.7,27.34,83.25,2.866667
33,83967,17-01-00,1200,3.2,33.5,24.4,5.6,2.7,27.34,83.25,2.866667
34,83967,18-01-00,0,3.2,27.2,24.4,0.8,2.6,24.32,76.5,1.766667
35,83967,18-01-00,1200,2.3,27.2,23.2,0.8,2.6,24.32,76.5,1.766667
36,83967,19-01-00,0,2.3,30.0,23.2,11.6,2.3,23.64,68.0,2.4
37,83967,19-01-00,1200,0.0,30.0,18.0,11.6,2.3,23.64,68.0,2.4
38,83967,20-01-00,0,0.0,32.8,18.0,10.3,3.8,24.96,67.25,1.4
39,83967,20-01-00,1200,0.0,32.8,18.6,10.3,3.8,24.96,67.25,1.4
40,83967,21-01-00,0,0.0,35.8,18.6,11.2,3.6,27.32,62.5,2.0
41,83967,21-01-00,1200,0.0,35.8,19.2,11.2,3.6,27.32,62.5,2.0
42,83967,22-01-00,0,0.0,32.6,19.2,7.0,2.9,25.72,70.5,3.133333
43,83967,22-01-00,1200,0.0,32.6,16.8,7.0,2.9,25.72,70.5,3.133333
44,83967,23-01-00,0,0.0,26.8,16.8,10.0,9.0,23.72,77.5,2.266667
45,83967,23-01-00,1200,0.0,26.8,22.0,10.0,9.0,23.72,77.5,2.266667
46,83967,24-01-00,0,0.0,28.8,22.0,9.0,2.0,24.32,74.5,4.1
47,83967,24-01-00,1200,0.0,28.8,19.8,9.0,2.0,24.32,74.5,4.1
48,83967,25-01-00,0,0.0,23.9,19.8,1.6,2.8,3.0,89.25,2.233333
49,83967,25-01-00,1200,25.0,23.9,18.0,1.6,2.8,3.0,89.25,2.233333
50,83967,26-01-00,0,25.0,27.4,18.0,10.4,1.2,2.0,65.75,2.566667
51,83967,26-01-00,1200,3.4,27.4,17.0,10.4,1.2,2.0,65.75,2.566667
52,83967,27-01-00,0,3.4,27.8,17.0,10.4,3.2,2.0,71.0,1.966667
53,83967,27-01-00,1200,0.0,27.8,17.2,10.4,3.2,2.0,71.0,1.966667
54,83967,28-01-00,0,0.0,28.4,17.2,11.3,4.2,3.0,63.0,1.966667
55,83967,28-01-00,1200,0.0,28.4,17.2,11.3,4.2,3.0,63.0,1.966667
56,83967,29-01-00,0,0.0,32.3,17.2,10.6,4.0,24.42,66.75,2.166667
57,83967,29-01-00,1200,0.0,32.3,18.6,10.6,4.0,24.42,66.75,2.166667
58,83967,30-01-00,0,0.0,32.7,18.6,6.3,4.0,25.82,68.5,1.7
59,83967,30-01-00,1200,0.0,32.7,20.6,6.3,4.0,25.82,68.5,1.7
60,83967,31-01-00,0,0.0,27.2,20.6,0.9,3.5,22.86,85.5,2.0
61,83967,31-01-00,1200,2.7,27.2,21.0,0.9,3.5,22.86,85.5,2.0
62,83967,01-02-00,0,2.7,27.0,21.0,1.1,1.3,22.24,86.75,2.433333
63,83967,01-02-00,1200,2.7,27.0,19.4,1.1,1.3,22.24,86.75,2.433333
64,83967,02-02-00,0,2.7,29.4,19.4,1.7,2.2,24.22,80.75,1.1
65,83967,02-02-00,1200,0.3,29.4,20.8,1.7,2.2,24.22,80.75,1.1
66,83967,03-02-00,0,0.3,27.4,20.8,1.0,1.8,23.54,87.5,1.266667
67,83967,03-02-00,1200,0.0,27.4,20.1,1.0,1.8,23.54,87.5,1.266667
68,83967,04-02-00,0,0.0,27.4,20.1,6.8,1.2,22.7,80.0,1.966667
69,83967,04-02-00,1200,6.3,27.4,18.6,6.8,1.2,22.7,80.0,1.966667
70,83967,05-02-00,0,6.3,29.8,18.6,11.0,2.2,23.76,74.0,1.8
71,83967,05-02-00,1200,0.0,29.8,18.2,11.0,2.2,23.76,74.0,1.8
72,83967,06-02-00,0,0.0,31.4,18.2,10.2,3.0,24.28,75.0,1.633333
73,83967,06-02-00,1200,0.0,31.4,19.4,10.2,3.0,24.28,75.0,1.633333
74,83967,07-02-00,0,0.0,30.1,19.4,11.0,5.3,24.02,70.5,3.366667
75,83967,07-02-00,1200,0.0,30.1,19.6,11.0,5.3,24.02,70.5,3.366667
76,83967,08-02-00,0,0.0,32.4,19.6,11.1,1.6,24.84,70.25,1.866667
77,83967,08-02-00,1200,0.0,32.4,19.2,11.1,1.6,24.84,70.25,1.866667
78,83967,09-02-00,0,0.0,33.6,19.2,9.2,3.6,25.3,75.75,1.2
79,83967,09-02-00,1200,0.0,33.6,20.5,9.2,3.6,25.3,75.75,1.2
80,83967,10-02-00,0,0.0,32.2,20.5,11.2,3.1,25.6,71.5,1.533333
81,83967,10-02-00,1200,31.9,32.2,20.4,11.2,3.1,25.6,71.5,1.533333
82,83967,11-02-00,0,31.9,32.8,20.4,9.6,2.9,26.08,76.0,1.2
83,83967,11-02-00,1200,0.0,32.8,21.3,9.6,2.9,26.08,76.0,1.2
84,83967,12-02-00,0,0.0,36.8,21.3,10.7,3.3,28.42,68.0,0.833333
85,83967,12-02-00,1200,0.0,36.8,21.5,10.7,3.3,28.42,68.0,0.833333
86,83967,13-02-00,0,0.0,31.2,21.5,6.3,4.0,26.44,73.0,2.2
87,83967,13-02-00,1200,0.0,31.2,23.5,6.3,4.0,26.44,73.0,2.2
88,83967,14-02-00,0,0.0,25.2,23.5,0.0,2.8,22.04,85.0,5.2
89,83967,14-02-00,1200,6.6,25.2,20.4,0.0,2.8,22.04,85.0,5.2
90,83967,15-02-00,0,6.6,23.6,20.4,0.3,2.4,21.54,83.25,3.0
91,83967,15-02-00,1200,0.4,23.6,20.1,0.3,2.4,21.54,83.25,3.0
92,83967,16-02-00,0,0.4,27.4,20.1,10.5,1.1,22.2,67.75,3.533333
93,83967,16-02-00,1200,1.8,27.4,17.6,10.5,1.1,22.2,67.75,3.533333
94,83967,17-02-00,0,1.8,27.8,17.6,10.4,3.7,22.18,69.0,2.833333
95,83967,17-02-00,1200,0.1,27.8,18.0,10.4,3.7,22.18,69.0,2.833333
96,83967,18-02-00,0,0.1,29.0,18.0,10.8,3.8,22.78,65.0,2.8
97,83967,18-02-00,1200,0.0,29.0,18.4,10.8,3.8,22.78,65.0,2.8
98,83967,19-02-00,0,0.0,29.8,18.4,10.1,4.1,22.86,64.0,1.3
99,83967,19-02-00,1200,0.0,29.8,17.5,10.1,4.1,22.86,64.0,1.3
100,83967,20-02-00,0,0.0,30.6,17.5,9.2,3.6,23.62,66.75,1.366667
101,83967,20-02-00,1200,0.0,30.6,18.0,9.2,3.6,23.62,66.75,1.366667
102,83967,21-02-00,0,0.0,29.2,18.0,3.9,3.8,24.1,71.25,0.766667
103,83967,21-02-00,1200,0.0,29.2,19.8,3.9,3.8,24.1,71.25,0.766667
104,83967,22-02-00,0,0.0,30.0,19.8,8.0,2.3,24.28,74.25,2.133333
105,83967,22-02-00,1200,0.0,30.0,20.0,8.0,2.3,24.28,74.25,2.133333
106,83967,23-02-00,0,0.0,30.8,20.0,8.7,2.8,23.64,78.25,1.2
107,83967,23-02-00,1200,0.0,30.8,20.2,8.7,2.8,23.64,78.25,1.2
108,83967,24-02-00,0,0.0,33.0,20.2,9.0,2.4,24.8,69.0,1.466667
109,83967,24-02-00,1200,4.6,33.0,19.3,9.0,2.4,24.8,69.0,1.466667
110,83967,25-02-00,0,4.6,32.4,19.3,7.9,3.5,25.1,68.25,1.766667
111,83967,25-02-00,1200,0.0,32.4,20.3,7.9,3.5,25.1,68.25,1.766667
112,83967,26-02-00,0,0.0,32.0,20.3,3.7,3.5,25.16,77.25,1.466667
113,83967,26-02-00,1200,0.0,32.0,21.4,3.7,3.5,25.16,77.25,1.466667
114,83967,27-02-00,0,0.0,36.3,21.4,5.1,4.6,26.78,75.5,2.366667
115,83967,27-02-00,1200,0.0,36.3,22.8,5.1,4.6,26.78,75.5,2.366667
116,83967,28-02-00,0,0.0,26.4,22.8,0.0,1.4,23.48,85.25,2.8
117,83967,28-02-00,1200,53.1,26.4,21.8,0.0,1.4,23.48,85.25,2.8
118,83967,29-02-00,0,53.1,23.0,21.8,0.0,1.5,21.18,81.25,1.733333
119,83967,29-02-00,1200,0.6,23.0,19.6,0.0,1.5,21.18,81.25,1.733333
120,83967,01-03-00,0,0.6,23.5,19.6,0.0,1.7,22.16,91.25,1.066667
121,83967,01-03-00,1200,2.3,23.5,19.0,0.0,1.7,22.16,91.25,1.066667
122,83967,02-03-00,0,2.3,32.2,19.0,8.0,0.0,25.88,81.75,0.766667
123,83967,02-03-00,1200,3.3,32.2,22.0,8.0,0.0,25.88,81.75,0.766667
124,83967,03-03-00,0,3.3,30.0,22.0,3.8,2.2,24.92,80.25,0.866667
125,83967,03-03-00,1200,0.0,30.0,21.4,3.8,2.2,24.92,80.25,0.866667
126,83967,04-03-00,0,0.0,25.8,21.4,0.1,1.9,23.08,94.75,0.233333
127,83967,04-03-00,1200,0.0,25.8,21.6,0.1,1.9,23.08,94.75,0.233333
128,83967,05-03-00,0,0.0,31.3,21.6,6.8,0.3,24.74,84.25,0.933333
129,83967,05-03-00,1200,11.7,31.3,21.0,6.8,0.3,24.74,84.25,0.933333
130,83967,06-03-00,0,11.7,24.6,21.0,0.2,1.6,22.8,89.75,1.1
131,83967,06-03-00,1200,7.3,24.6,21.8,0.2,1.6,22.8,89.75,1.1
132,83967,07-03-00,0,7.3,26.2,21.8,9.0,0.6,21.44,76.75,2.6
133,83967,07-03-00,1200,18.4,26.2,16.8,9.0,0.6,21.44,76.75,2.6
134,83967,08-03-00,0,18.4,25.6,16.8,3.0,2.2,20.56,73.75,1.566667
135,83967,08-03-00,1200,1.3,25.6,16.5,3.0,2.2,20.56,73.75,1.566667
136,83967,09-03-00,0,1.3,26.4,16.5,6.5,2.8,21.32,70.25,1.733333
137,83967,09-03-00,1200,0.0,26.4,17.0,6.5,2.8,21.32,70.25,1.733333
138,83967,10-03-00,0,0.0,28.6,17.0,7.9,2.8,21.78,73.75,1.2
139,83967,10-03-00,1200,0.0,28.6,17.1,7.9,2.8,21.78,73.75,1.2
140,83967,11-03-00,0,0.0,27.4,17.1,5.0,2.7,21.7,75.5,0.966667
141,83967,11-03-00,1200,0.0,27.4,18.2,5.0,2.7,21.7,75.5,0.966667
142,83967,12-03-00,0,0.0,27.2,18.2,5.9,2.5,21.76,76.0,2.066667
143,83967,12-03-00,1200,0.0,27.2,18.4,5.9,2.5,21.76,76.0,2.066667
144,83967,13-03-00,0,0.0,29.0,18.4,10.4,2.7,22.7,74.5,2.033333
145,83967,13-03-00,1200,0.0,29.0,18.0,10.4,2.7,22.7,74.5,2.033333
146,83967,14-03-00,0,0.0,31.4,18.0,8.8,2.9,24.16,73.5,0.9
147,83967,14-03-00,1200,0.0,31.4,18.8,8.8,2.9,24.16,73.5,0.9
148,83967,15-03-00,0,0.0,32.0,18.8,8.6,2.5,24.72,78.0,0.6
149,83967,15-03-00,1200,0.0,32.0,20.4,8.6,2.5,24.72,78.0,0.6
150,83967,16-03-00,0,0.0,33.4,20.4,9.8,2.5,25.68,68.75,1.3
151,83967,16-03-00,1200,0.0,33.4,20.6,9.8,2.5,25.68,68.75,1.3
152,83967,17-03-00,0,0.0,30.2,20.6,6.9,4.4,23.8,81.0,2.3
153,83967,17-03-00,1200,9.4,30.2,19.8,6.9,4.4,23.8,81.0,2.3
154,83967,18-03-00,0,9.4,25.8,19.8,10.1,2.6,21.0,67.0,1.266667
155,83967,18-03-00,1200,0.0,25.8,17.6,10.1,2.6,21.0,67.0,1.266667
156,83967,19-03-00,0,0.0,26.7,17.6,10.2,3.4,20.52,66.0,1.666667
157,83967,19-03-00,1200,0.0,26.7,15.0,10.2,3.4,20.52,66.0,1.666667
158,83967,20-03-00,0,0.0,30.1,15.0,10.5,4.0,22.62,66.5,1.533333
159,83967,20-03-00,1200,0.0,30.1,16.8,10.5,4.0,22.62,66.5,1.533333
160,83967,21-03-00,0,0.0,28.2,16.8,4.2,4.1,23.5,75.0,0.933333
161,83967,21-03-00,1200,0.0,28.2,17.4,4.2,4.1,23.5,75.0,0.933333
162,83967,22-03-00,0,0.0,27.2,17.4,6.0,3.4,23.28,82.0,1.733333
163,83967,22-03-00,1200,0.0,27.2,21.5,6.0,3.4,23.28,82.0,1.733333
164,83967,23-03-00,0,0.0,32.8,21.5,9.9,2.4,25.0,72.5,1.1
165,83967,23-03-00,1200,0.0,32.8,20.5,9.9,2.4,25.0,72.5,1.1
166,83967,24-03-00,0,0.0,25.8,20.5,4.2,3.2,20.7,86.25,2.633333
167,83967,24-03-00,1200,9.7,25.8,17.0,4.2,3.2,20.7,86.25,2.633333
168,83967,25-03-00,0,9.7,27.3,17.0,9.8,1.4,21.3,70.5,2.3
169,83967,25-03-00,1200,10.5,27.3,16.8,9.8,1.4,21.3,70.5,2.3
170,83967,26-03-00,0,10.5,30.2,16.8,9.8,3.3,22.88,72.5,1.166667
171,83967,26-03-00,1200,0.0,30.2,17.0,9.8,3.3,22.88,72.5,1.166667
172,83967,27-03-00,0,0.0,26.3,17.0,1.7,2.9,21.96,90.0,1.866667
173,83967,27-03-00,1200,4.7,26.3,20.0,1.7,2.9,21.96,90.0,1.866667
174,83967,28-03-00,0,4.7,23.2,20.0,9.5,1.5,17.6,71.0,0.866667
175,83967,28-03-00,1200,8.0,23.2,15.8,9.5,1.5,17.6,71.0,0.866667
176,83967,29-03-00,0,8.0,22.8,15.8,3.9,2.7,17.7,76.75,1.633333
177,83967,29-03-00,1200,0.0,22.8,11.8,3.9,2.7,17.7,76.75,1.633333
178,83967,30-03-00,0,0.0,28.6,11.8,7.5,2.1,22.48,74.0,0.533333
179,83967,30-03-00,1200,0.0,28.6,17.8,7.5,2.1,22.48,74.0,0.533333
180,83967,31-03-00,0,0.0,23.6,17.8,0.7,2.8,20.8,89.0,1.133333
181,83967,31-03-00,1200,21.3,23.6,18.6,0.7,2.8,20.8,89.0,1.133333
182,83967,01-04-00,0,21.3,20.4,18.6,6.1,0.8,20.5,83.25,1.333333
183,83967,01-04-00,1200,6.0,20.4,18.8,6.1,0.8,20.5,83.25,1.333333
184,83967,02-04-00,0,6.0,20.4,18.8,10.3,1.9,19.02,76.75,2.033333
185,83967,02-04-00,1200,0.0,20.4,14.6,10.3,1.9,19.02,76.75,2.033333
186,83967,03-04-00,0,0.0,26.0,14.6,10.3,2.5,20.04,72.0,2.866667
187,83967,03-04-00,1200,0.0,26.0,15.0,10.3,2.5,20.04,72.0,2.866667
188,83967,04-04-00,0,0.0,28.0,15.0,5.6,1.8,22.32,68.5,1.733333
189,83967,04-04-00,1200,0.0,28.0,17.5,5.6,1.8,22.32,68.5,1.733333
190,83967,05-04-00,0,0.0,300.0,17.5,6.3,0.3,23.96,73.5,0.933333
191,83967,05-04-00,1200,0.0,300.0,19.6,6.3,0.3,23.96,73.5,0.933333
192,83967,06-04-00,0,0.0,31.0,19.6,6.6,0.9,24.64,73.0,0.566667
193,83967,06-04-00,1200,0.0,31.0,19.0,6.6,0.9,24.64,73.0,0.566667
194,83967,07-04-00,0,0.0,32.2,19.0,9.4,0.7,25.6,70.75,1.5
195,83967,07-04-00,1200,0.0,32.2,20.6,9.4,0.7,25.6,70.75,1.5
196,83967,08-04-00,0,0.0,33.2,20.6,10.3,0.8,26.36,69.25,1.633333
197,83967,08-04-00,1200,0.0,33.2,21.0,10.3,0.8,26.36,69.25,1.633333
198,83967,09-04-00,0,0.0,29.8,21.0,4.9,0.9,24.44,84.0,1.533333
199,83967,09-04-00,1200,0.0,29.8,22.4,4.9,0.9,24.44,84.0,1.533333
200,83967,10-04-00,0,0.0,29.8,22.4,3.7,0.6,25.14,85.25,0.866667
201,83967,10-04-00,1200,0.0,29.8,20.4,3.7,0.6,25.14,85.25,0.866667
202,83967,11-04-00,0,0.0,26.0,20.4,0.0,0.7,20.8,95.0,0.266667
203,83967,11-04-00,1200,3.4,26.0,18.8,0.0,0.7,20.8,95.0,0.266667
204,83967,12-04-00,0,3.4,20.2,18.8,0.2,0.1,17.6,92.0,2.266667
205,83967,12-04-00,1200,19.1,20.2,15.6,0.2,0.1,17.6,92.0,2.266667
206,83967,13-04-00,0,19.1,22.4,15.6,1.6,0.2,18.36,89.5,1.866667
207,83967,13-04-00,1200,60.3,22.4,13.8,1.6,0.2,18.36,89.5,1.866667
208,83967,14-04-00,0,60.3,24.2,13.8,7.7,0.0,19.04,80.75,1.133333
209,83967,14-04-00,1200,13.0,24.2,16.8,7.7,0.0,19.04,80.75,1.133333
210,83967,15-04-00,0,13.0,25.6,16.8,9.3,0.4,18.78,78.5,1.033333
211,83967,15-04-00,1200,0.0,25.6,13.1,9.3,0.4,18.78,78.5,1.033333
212,83967,16-04-00,0,0.0,25.0,13.1,4.6,0.5,20.8,78.5,1.9
213,83967,16-04-00,1200,0.0,25.0,16.6,4.6,0.5,20.8,78.5,1.9
214,83967,17-04-00,0,0.0,20.8,16.6,0.0,0.5,18.34,93.25,3.433333
215,83967,17-04-00,1200,5.5,20.8,17.0,0.0,0.5,18.34,93.25,3.433333
216,83967,18-04-00,0,5.5,26.2,17.0,3.0,0.1,21.14,85.75,0.866667
217,83967,18-04-00,1200,15.7,26.2,17.5,3.0,0.1,21.14,85.75,0.866667
218,83967,19-04-00,0,15.7,23.8,17.5,7.2,0.3,19.98,72.25,3.2
219,83967,19-04-00,1200,14.0,23.8,18.4,7.2,0.3,19.98,72.25,3.2
220,83967,20-04-00,0,14.0,20.0,18.4,0.4,0.5,18.2,85.25,4.4
221,83967,20-04-00,1200,0.0,20.0,16.8,0.4,0.5,18.2,85.25,4.4
222,83967,21-04-00,0,0.0,22.0,16.8,1.9,0.3,18.52,83.5,2.033333
223,83967,21-04-00,1200,0.2,22.0,16.8,1.9,0.3,18.52,83.5,2.033333
224,83967,22-04-00,0,0.2,23.2,16.8,9.1,0.1,16.84,80.75,0.766667
225,83967,22-04-00,1200,0.5,23.2,13.7,9.1,0.1,16.84,80.75,0.766667
226,83967,23-04-00,0,0.5,24.6,13.7,9.1,0.3,16.96,80.75,0.533333
227,83967,23-04-00,1200,0.0,24.6,11.8,9.1,0.3,16.96,80.75,0.533333
228,83967,24-04-00,0,0.0,27.4,11.8,8.9,0.5,18.62,73.25,0.5
229,83967,24-04-00,1200,0.0,27.4,12.8,8.9,0.5,18.62,73.25,0.5
230,83967,25-04-00,0,0.0,28.3,12.8,7.7,0.4,20.1,74.25,0.4
231,83967,25-04-00,1200,0.0,28.3,13.8,7.7,0.4,20.1,74.25,0.4
232,83967,26-04-00,0,0.0,28.6,13.8,8.9,1.0,21.78,68.5,0.533333
233,83967,26-04-00,1200,0.0,28.6,16.3,8.9,1.0,21.78,68.5,0.533333
234,83967,27-04-00,0,0.0,29.4,16.3,8.2,3.8,22.24,72.75,0.366667
235,83967,27-04-00,1200,0.0,29.4,15.8,8.2,3.8,22.24,72.75,0.366667
236,83967,28-04-00,0,0.0,24.8,15.8,1.0,2.9,21.0,91.75,0.733333
237,83967,28-04-00,1200,0.0,24.8,19.0,1.0,2.9,21.0,91.75,0.733333
238,83967,29-04-00,0,0.0,24.8,19.0,5.5,0.7,21.1,86.5,0.7
239,83967,29-04-00,1200,3.5,24.8,18.2,5.5,0.7,21.1,86.5,0.7
240,83967,30-04-00,0,3.5,30.2,18.2,7.5,1.6,23.14,78.75,0.7
241,83967,30-04-00,1200,0.0,30.2,18.0,7.5,1.6,23.14,78.75,0.7
242,83967,01-05-00,0,0.0,30.4,18.0,3.7,2.9,23.34,74.5,0.9
243,83967,01-05-00,1200,0.0,30.4,18.3,3.7,2.9,23.34,74.5,0.9
244,83967,02-05-00,0,0.0,23.6,18.3,1.2,3.1,18.36,87.75,0.933333
245,83967,02-05-00,1200,9.9,23.6,15.5,1.2,3.1,18.36,87.75,0.933333
246,83967,03-05-00,0,9.9,23.8,15.5,1.1,1.2,19.7,82.75,1.5
247,83967,03-05-00,1200,0.2,23.8,15.7,1.1,1.2,19.7,82.75,1.5
248,83967,04-05-00,0,0.2,26.0,15.7,3.5,2.0,22.2,83.0,0.933333
249,83967,04-05-00,1200,0.1,26.0,20.0,3.5,2.0,22.2,83.0,0.933333
250,83967,05-05-00,0,0.1,24.0,20.0,0.6,1.5,19.44,92.5,2.466667
251,83967,05-05-00,1200,74.7,24.0,17.6,0.6,1.5,19.44,92.5,2.466667
252,83967,06-05-00,0,74.7,200.0,17.6,3.8,1.9,13.76,67.5,6.833333
253,83967,06-05-00,1200,6.1,200.0,10.2,3.8,1.9,13.76,67.5,6.833333
254,83967,07-05-00,0,6.1,18.4,10.2,8.6,2.4,13.48,72.25,1.866667
255,83967,07-05-00,1200,0.0,18.4,9.8,8.6,2.4,13.48,72.25,1.866667
256,83967,08-05-00,0,0.0,20.0,9.8,7.8,1.7,14.22,77.25,0.866667
257,83967,08-05-00,1200,0.0,20.0,10.0,7.8,1.7,14.22,77.25,0.866667
258,83967,09-05-00,0,0.0,20.2,10.0,8.1,1.5,14.64,76.75,0.533333
259,83967,09-05-00,1200,0.0,20.2,10.8,8.1,1.5,14.64,76.75,0.533333
260,83967,10-05-00,0,0.0,20.2,10.8,4.2,1.5,15.08,85.0,0.533333
261,83967,10-05-00,1200,0.0,20.2,11.0,4.2,1.5,15.08,85.0,0.533333
262,83967,11-05-00,0,0.0,22.0,11.0,5.4,1.2,16.76,78.5,1.666667
263,83967,11-05-00,1200,1.1,22.0,13.2,5.4,1.2,16.76,78.5,1.666667
264,83967,12-05-00,0,1.1,25.1,13.2,8.5,2.2,18.46,74.5,0.833333
265,83967,12-05-00,1200,0.0,25.1,14.4,8.5,2.2,18.46,74.5,0.833333
266,83967,13-05-00,0,0.0,25.4,14.4,8.8,2.1,18.48,74.0,0.766667
267,83967,13-05-00,1200,0.0,25.4,13.8,8.8,2.1,18.48,74.0,0.766667
268,83967,14-05-00,0,0.0,22.1,13.8,1.9,4.0,18.24,86.75,1.3
269,83967,14-05-00,1200,0.0,22.1,15.0,1.9,4.0,18.24,86.75,1.3
270,83967,15-05-00,0,0.0,21.9,15.0,0.8,1.2,19.2,85.25,2.533333
271,83967,15-05-00,1200,0.0,21.9,17.2,0.8,1.2,19.2,85.25,2.533333
272,83967,16-05-00,0,0.0,22.5,17.2,0.5,2.3,19.74,83.0,2.366667
273,83967,16-05-00,1200,5.0,22.5,18.8,0.5,2.3,19.74,83.0,2.366667
274,83967,17-05-00,0,5.0,19.1,18.8,0.0,0.3,15.38,94.75,0.633333
275,83967,17-05-00,1200,2.1,19.1,14.2,0.0,0.3,15.38,94.75,0.633333
276,83967,18-05-00,0,2.1,19.6,14.2,1.8,0.3,15.8,83.25,2.4
277,83967,18-05-00,1200,20.8,19.6,14.0,1.8,0.3,15.8,83.25,2.4
278,83967,19-05-00,0,20.8,19.0,14.0,5.1,1.4,14.56,81.5,1.866667
279,83967,19-05-00,1200,0.0,19.0,11.1,5.1,1.4,14.56,81.5,1.866667
280,83967,20-05-00,0,0.0,20.2,11.1,5.1,1.8,14.36,86.75,0.866667
281,83967,20-05-00,1200,0.0,20.2,10.6,5.1,1.8,14.36,86.75,0.866667
282,83967,21-05-00,0,0.0,20.2,10.6,7.1,0.4,15.48,83.0,0.6
283,83967,21-05-00,1200,0.0,20.2,11.0,7.1,0.4,15.48,83.0,0.6
284,83967,22-05-00,0,0.0,23.1,11.0,8.6,1.2,16.8,80.25,1.3
285,83967,22-05-00,1200,0.0,23.1,11.7,8.6,1.2,16.8,80.25,1.3
286,83967,23-05-00,0,0.0,21.8,11.7,2.5,1.4,17.6,85.25,1.066667
287,83967,23-05-00,1200,0.0,21.8,30.0,2.5,1.4,17.6,85.25,1.066667
288,83967,24-05-00,0,0.0,24.2,30.0,8.3,1.2,18.04,78.5,0.533333
289,83967,24-05-00,1200,0.0,24.2,28.0,8.3,1.2,18.04,78.5,0.533333
290,83967,25-05-00,0,0.0,29.0,28.0,7.7,1.9,20.74,65.0,0.966667
291,83967,25-05-00,1200,0.0,29.0,13.6,7.7,1.9,20.74,65.0,0.966667
292,83967,26-05-00,0,0.0,24.3,13.6,6.2,2.9,17.74,81.25,4.9
293,83967,26-05-00,1200,9.6,24.3,15.8,6.2,2.9,17.74,81.25,4.9
294,83967,27-05-00,0,9.6,18.6,15.8,8.5,2.0,13.42,75.0,3.033333
295,83967,27-05-00,1200,0.0,18.6,10.2,8.5,2.0,13.42,75.0,3.033333
296,83967,28-05-00,0,0.0,18.0,10.2,7.2,1.9,12.18,78.0,2.133333
297,83967,28-05-00,1200,0.0,18.0,8.4,7.2,1.9,12.18,78.0,2.133333
298,83967,29-05-00,0,0.0,18.2,8.4,7.2,1.3,11.44,78.5,0.5
299,83967,29-05-00,1200,0.0,18.2,7.0,7.2,1.3,11.44,78.5,0.5
300,83967,30-05-00,0,0.0,19.2,7.0,7.0,1.5,13.52,72.5,1.733333
301,83967,30-05-00,1200,0.0,19.2,9.8,7.0,1.5,13.52,72.5,1.733333
302,83967,31-05-00,0,0.0,14.6,9.8,1.1,1.5,12.26,91.75,1.633333
303,83967,31-05-00,1200,0.0,14.6,10.0,1.1,1.5,12.26,91.75,1.633333
304,83967,01-06-00,0,0.0,16.0,10.0,4.8,0.5,12.34,78.75,0.766667
305,83967,01-06-00,1200,9.7,16.0,10.0,4.8,0.5,12.34,78.75,0.766667
306,83967,02-06-00,0,9.7,18.0,10.0,8.0,1.0,11.22,81.0,1.4
307,83967,02-06-00,1200,0.3,18.0,6.8,8.0,1.0,11.22,81.0,1.4
308,83967,03-06-00,0,0.3,21.8,6.8,7.2,0.7,13.6,85.25,0.733333
309,83967,03-06-00,1200,0.0,21.8,7.8,7.2,0.7,13.6,85.25,0.733333
310,83967,04-06-00,0,0.0,23.4,7.8,8.0,1.2,16.12,78.75,0.6
311,83967,04-06-00,1200,0.0,23.4,8.8,8.0,1.2,16.12,78.75,0.6
312,83967,05-06-00,0,0.0,23.8,8.8,3.0,1.7,19.28,87.25,0.8
313,83967,05-06-00,1200,3.1,23.8,16.3,3.0,1.7,19.28,87.25,0.8
314,83967,06-06-00,0,3.1,20.0,16.3,0.0,0.7,19.24,98.0,0.2
315,83967,06-06-00,1200,36.9,20.0,18.8,0.0,0.7,19.24,98.0,0.2
316,83967,07-06-00,0,36.9,21.8,18.8,0.0,0.1,19.38,93.0,0.6
317,83967,07-06-00,1200,31.6,21.8,18.5,0.0,0.1,19.38,93.0,0.6
318,83967,08-06-00,0,31.6,22.2,18.5,0.5,0.2,19.2,88.5,1.166667
319,83967,08-06-00,1200,11.5,22.2,18.0,0.5,0.2,19.2,88.5,1.166667
320,83967,09-06-00,0,11.5,20.2,18.0,2.2,0.7,16.34,88.0,0.966667
321,83967,09-06-00,1200,0.0,20.2,15.2,2.2,0.7,16.34,88.0,0.966667
322,83967,10-06-00,0,0.0,26.0,15.2,7.3,0.7,17.66,87.75,1.633333
323,83967,10-06-00,1200,0.0,26.0,13.8,7.3,0.7,17.66,87.75,1.633333
324,83967,11-06-00,0,0.0,19.6,13.8,0.3,1.2,17.08,85.75,1.0
325,83967,11-06-00,1200,27.2,19.6,16.2,0.3,1.2,17.08,85.75,1.0
326,83967,12-06-00,0,27.2,18.2,16.2,6.9,0.9,14.26,84.25,0.933333
327,83967,12-06-00,1200,0.4,18.2,14.8,6.9,0.9,14.26,84.25,0.933333
328,83967,13-06-00,0,0.4,27.8,14.8,7.2,1.1,20.16,77.75,0.733333
329,83967,13-06-00,1200,0.0,27.8,14.4,7.2,1.1,20.16,77.75,0.733333
330,83967,14-06-00,0,0.0,29.4,14.4,8.1,1.8,21.68,74.25,1.1
331,83967,14-06-00,1200,0.0,29.4,16.0,8.1,1.8,21.68,74.25,1.1
332,83967,15-06-00,0,0.0,30.8,16.0,7.5,2.4,22.24,68.75,0.533333
333,83967,15-06-00,1200,0.0,30.8,16.0,7.5,2.4,22.24,68.75,0.533333
334,83967,16-06-00,0,0.0,24.7,16.0,1.0,3.1,19.42,82.5,1.7
335,83967,16-06-00,1200,1.6,24.7,16.4,1.0,3.1,19.42,82.5,1.7
336,83967,17-06-00,0,1.6,16.6,16.4,0.0,1.0,14.48,94.5,2.5
337,83967,17-06-00,1200,17.6,16.6,13.4,0.0,1.0,14.48,94.5,2.5
338,83967,18-06-00,0,17.6,15.7,13.4,0.0,0.1,14.84,96.0,3.0
339,83967,18-06-00,1200,12.4,15.7,13.2,0.0,0.1,14.84,96.0,3.0
340,83967,19-06-00,0,12.4,16.6,13.2,0.0,0.4,14.0,95.0,1.7
341,83967,19-06-00,1200,35.2,16.6,12.7,0.0,0.4,14.0,95.0,1.7
342,83967,20-06-00,0,35.2,15.2,12.7,4.4,0.3,10.98,75.5,3.766667
343,83967,20-06-00,1200,8.1,15.2,9.5,4.4,0.3,10.98,75.5,3.766667
344,83967,21-06-00,0,8.1,13.9,9.5,7.9,1.3,9.54,69.0,2.9
345,83967,21-06-00,1200,0.0,13.9,50.0,7.9,1.3,9.54,69.0,2.9
346,83967,22-06-00,0,0.0,18.4,50.0,7.6,1.5,10.48,71.75,0.666667
347,83967,22-06-00,1200,0.0,18.4,40.0,7.6,1.5,10.48,71.75,0.666667
348,83967,23-06-00,0,0.0,22.2,40.0,7.4,1.4,13.0,73.5,0.266667
349,83967,23-06-00,1200,0.0,22.2,40.0,7.4,1.4,13.0,73.5,0.266667
350,83967,24-06-00,0,0.0,29.4,40.0,6.2,1.8,20.94,50.5,2.433333
351,83967,24-06-00,1200,0.0,29.4,11.8,6.2,1.8,20.94,50.5,2.433333
352,83967,25-06-00,0,0.0,25.2,11.8,7.9,5.4,17.58,75.5,3.633333
353,83967,25-06-00,1200,0.0,25.2,15.1,7.9,5.4,17.58,75.5,3.633333
354,83967,26-06-00,0,0.0,17.3,15.1,1.0,1.8,13.96,86.25,2.1
355,83967,26-06-00,1200,0.0,17.3,11.3,1.0,1.8,13.96,86.25,2.1
356,83967,27-06-00,0,0.0,21.6,11.3,7.8,0.8,16.72,79.0,2.3
357,83967,27-06-00,1200,0.5,21.6,13.4,7.8,0.8,16.72,79.0,2.3
358,83967,28-06-00,0,0.5,28.9,13.4,1.3,1.4,21.26,71.75,1.2
359,83967,28-06-00,1200,0.0,28.9,16.0,1.3,1.4,21.26,71.75,1.2
360,83967,29-06-00,0,0.0,22.2,16.0,0.0,3.2,16.08,95.0,3.533333
361,83967,29-06-00,1200,0.7,22.2,14.2,0.0,3.2,16.08,95.0,3.533333
362,83967,30-06-00,0,0.7,18.0,14.2,3.2,0.2,14.12,85.25,0.7
363,83967,30-06-00,1200,35.1,18.0,12.8,3.2,0.2,14.12,85.25,0.7
364,83967,01-07-00,0,35.1,25.6,12.8,6.7,0.9,17.12,81.25,0.266667
365,83967,01-07-00,1200,0.0,25.6,10.0,6.7,0.9,17.12,81.25,0.266667
366,83967,02-07-00,0,0.0,27.3,10.0,1.4,2.3,16.82,83.5,2.366667
367,83967,02-07-00,1200,0.7,27.3,10.8,1.4,2.3,16.82,83.5,2.366667
368,83967,03-07-00,0,0.7,14.0,10.8,4.1,1.2,9.46,80.75,1.5
369,83967,03-07-00,1200,38.6,14.0,7.0,4.1,1.2,9.46,80.75,1.5
370,83967,04-07-00,0,38.6,20.1,7.0,8.0,1.3,10.86,74.75,0.666667
371,83967,04-07-00,1200,0.0,20.1,4.2,8.0,1.3,10.86,74.75,0.666667
372,83967,05-07-00,0,0.0,24.6,4.2,7.4,1.0,14.92,80.25,0.633333
373,83967,05-07-00,1200,0.0,24.6,6.4,7.4,1.0,14.92,80.25,0.633333
374,83967,06-07-00,0,0.0,27.4,6.4,6.5,1.0,18.8,83.0,0.9
375,83967,06-07-00,1200,0.0,27.4,13.8,6.5,1.0,18.8,83.0,0.9
376,83967,07-07-00,0,0.0,27.4,13.8,7.4,1.8,19.6,70.0,1.2
377,83967,07-07-00,1200,0.0,27.4,13.8,7.4,1.8,19.6,70.0,1.2
378,83967,08-07-00,0,0.0,28.6,14.0,6.3,2.2,21.32,71.5,1.233333
